   memory_initialization_radix=10;   
   memory_initialization_vector=930
0
128
128
0
0
128
192
220
202
32
32
32
32
32
32
64
64
64
64
64
64
64
64
96
96
96
96
96
96
96
96
128
128
128
128
128
128
128
128
160
160
160
160
160
160
160
160
192
192
192
192
192
192
192
192
224
224
224
224
224
224
224
224
0
0
0
0
0
0
0
0
32
32
32
32
32
32
32
32
64
64
64
64
64
64
64
64
96
96
96
96
96
96
96
96
128
128
128
128
128
128
128
128
160
160
160
160
160
160
160
160
192
192
192
192
192
192
192
192
224
224
224
224
224
224
224
224
0
0
0
0
0
0
0
0
32
32
32
32
32
32
32
32
64
64
64
64
64
64
64
64
96
96
96
96
96
96
96
96
128
128
128
128
128
128
128
128
160
160
160
160
160
160
160
160
192
192
192
192
192
192
192
192
224
224
224
224
224
224
224
224
0
0
0
0
0
0
0
0
32
32
32
32
32
32
32
32
64
64
64
64
64
64
64
64
96
96
96
96
96
96
96
96
128
128
128
128
128
128
128
128
160
160
160
160
160
160
160
160
192
192
192
192
192
192
251
160
128
0
255
255
0
0
255
255;