   memory_initialization_radix=10;   
   memory_initialization_vector=93	0
128
0
128
0
128
0
192
192
166
64
96
128
160
192
224
0
32
64
96
128
160
192
224
0
32
64
96
128
160
192
224
0
32
64
96
128
160
192
224
0
32
64
96
128
160
192
224
0
32
64
96
128
160
192
224
0
32
64
96
128
160
192
224
0
32
64
96
128
160
192
224
0
32
64
96
128
160
192
224
0
32
64
96
128
160
192
224
0
32
64
96
128
160
192
224
0
32
64
96
128
160
192
224
0
32
64
96
128
160
192
224
0
32
64
96
128
160
192
224
0
32
64
96
128
160
192
224
0
32
64
96
128
160
192
224
0
32
64
96
128
160
192
224
0
32
64
96
128
160
192
224
0
32
64
96
128
160
192
224
0
32
64
96
128
160
192
224
0
32
64
96
128
160
192
224
0
32
64
96
128
160
192
224
0
32
64
96
128
160
192
224
0
32
64
96
128
160
192
224
0
32
64
96
128
160
192
224
0
32
64
96
128
160
192
224
0
32
64
96
128
160
192
224
0
32
64
96
128
160
192
224
0
32
64
96
128
160
192
224
0
32
64
96
128
160
255
160
128
255
0
255
0
255
0
255;